# t*    |r21*|
0.000000000000000000e+00 9.283559722073746190e-02
1.000000000000000000e+00 3.945435602925885799e-01
2.000000000000000000e+00 2.583364233962263334e+00
3.000000000000000000e+00 4.617933553073863884e+00
4.000000000000000000e+00 5.988405676456769910e+00
5.000000000000000000e+00 5.559951983709712664e+00
6.000000000000000000e+00 9.168592213543750091e+00
7.000000000000000000e+00 1.019489448415600563e+01
8.000000000000000000e+00 9.927787879181030561e+00
9.000000000000000000e+00 1.145337073526225069e+01
1.000000000000000000e+01 1.082261633287098057e+01
1.100000000000000000e+01 1.142849297056053359e+01
1.200000000000000000e+01 1.030522511047121448e+01
1.300000000000000000e+01 1.083301108216972075e+01
1.400000000000000000e+01 1.152553912089829069e+01
1.500000000000000000e+01 1.245413274844362483e+01
1.600000000000000000e+01 1.308238178603980906e+01
1.700000000000000000e+01 1.347385426043486056e+01
1.800000000000000000e+01 1.439509529979562963e+01
1.900000000000000000e+01 1.148397733525101572e+01
2.000000000000000000e+01 1.192018571441847996e+01
2.100000000000000000e+01 1.271625278249615043e+01
2.200000000000000000e+01 1.136808765566527946e+01
2.300000000000000000e+01 9.192582641949620381e+00
2.400000000000000000e+01 8.485654739618025744e+00
2.500000000000000000e+01 7.628547043540223171e+00
2.600000000000000000e+01 8.406025998184942338e+00
2.700000000000000000e+01 8.841676529297304299e+00
2.800000000000000000e+01 1.046899665337545748e+01
2.900000000000000000e+01 8.318670334563840640e+00
3.000000000000000000e+01 7.859831268414080974e+00
3.100000000000000000e+01 5.541085505869313366e+00
3.200000000000000000e+01 8.415317682248790732e+00
3.300000000000000000e+01 1.042402505603227780e+01
3.400000000000000000e+01 1.341584971846880414e+01
3.500000000000000000e+01 1.354832969274976762e+01
3.600000000000000000e+01 1.454831939206939850e+01
3.700000000000000000e+01 1.500620547226490586e+01
3.800000000000000000e+01 1.623444578801224125e+01
3.900000000000000000e+01 1.538213787448771264e+01
4.000000000000000000e+01 1.815131544147995157e+01
4.100000000000000000e+01 2.006898223638387080e+01
4.200000000000000000e+01 1.752041331025116833e+01
4.300000000000000000e+01 1.783018889078074309e+01
4.400000000000000000e+01 1.983439687122515238e+01
4.500000000000000000e+01 1.679612055239952895e+01
4.600000000000000000e+01 1.701488869309873309e+01
4.700000000000000000e+01 1.688945339591617767e+01
4.800000000000000000e+01 1.880297020960167131e+01
4.900000000000000000e+01 1.619525506486374411e+01
5.000000000000000000e+01 1.371286052108336229e+01
5.100000000000000000e+01 1.465491019399495798e+01
5.200000000000000000e+01 1.390516371506678084e+01
5.300000000000000000e+01 1.443120152828602443e+01
5.400000000000000000e+01 1.199053479644343767e+01
5.500000000000000000e+01 1.331250566626328258e+01
5.600000000000000000e+01 1.314867337595643093e+01
5.700000000000000000e+01 1.684369859767187450e+01
5.800000000000000000e+01 1.707964687114552760e+01
5.900000000000000000e+01 1.630173590938294836e+01
6.000000000000000000e+01 1.611758003539883077e+01
6.100000000000000000e+01 1.552877141787917736e+01
6.200000000000000000e+01 1.378017141506371424e+01
6.300000000000000000e+01 1.503446485891006823e+01
6.400000000000000000e+01 1.566124619699249010e+01
6.500000000000000000e+01 1.508544720990750676e+01
6.600000000000000000e+01 1.602173893728893717e+01
6.700000000000000000e+01 1.666740517162651614e+01
6.800000000000000000e+01 1.671791235662475472e+01
6.900000000000000000e+01 1.908860901863773663e+01
7.000000000000000000e+01 1.838485347805512760e+01
7.100000000000000000e+01 1.834540057423008008e+01
7.200000000000000000e+01 1.944890897529331042e+01
7.300000000000000000e+01 1.731744827188804337e+01
7.400000000000000000e+01 1.989401661109558361e+01
7.500000000000000000e+01 1.911679355339029840e+01
7.600000000000000000e+01 2.015234284250835017e+01
7.700000000000000000e+01 2.106721805441632611e+01
7.800000000000000000e+01 2.150971948913709397e+01
7.900000000000000000e+01 2.158277052541516028e+01
8.000000000000000000e+01 2.346642077220742806e+01
8.100000000000000000e+01 2.432240347010519699e+01
8.200000000000000000e+01 2.610141287585424053e+01
8.300000000000000000e+01 2.915063251179007153e+01
8.400000000000000000e+01 2.790630534381270067e+01
8.500000000000000000e+01 2.971396449618727331e+01
8.600000000000000000e+01 3.019678462053321155e+01
8.700000000000000000e+01 2.836021179952356874e+01
8.800000000000000000e+01 2.975440512814192218e+01
8.900000000000000000e+01 2.900454846729823899e+01
9.000000000000000000e+01 2.875628914903186129e+01
9.100000000000000000e+01 2.717598345120998005e+01
9.200000000000000000e+01 2.830562449450727769e+01
9.300000000000000000e+01 2.785879496659638832e+01
9.400000000000000000e+01 2.810518799636992071e+01
9.500000000000000000e+01 2.534105344397634241e+01
9.600000000000000000e+01 2.404044929601450420e+01
9.700000000000000000e+01 2.237897271499323182e+01
9.800000000000000000e+01 2.154675225630532509e+01
9.900000000000000000e+01 2.328200465138697339e+01
1.000000000000000000e+02 2.164827786728891468e+01
1.010000000000000000e+02 2.145053676252863184e+01
1.020000000000000000e+02 2.113605359966097907e+01
1.030000000000000000e+02 1.952391470363107473e+01
1.040000000000000000e+02 1.757259999392949368e+01
1.050000000000000000e+02 2.043683588026580722e+01
1.060000000000000000e+02 2.172453143509931195e+01
1.070000000000000000e+02 1.910941386815132148e+01
1.080000000000000000e+02 1.970816093018456527e+01
1.090000000000000000e+02 2.090420652175850691e+01
1.100000000000000000e+02 1.972221682507074547e+01
1.110000000000000000e+02 2.300499116548089873e+01
1.120000000000000000e+02 2.304536934954115779e+01
1.130000000000000000e+02 2.299312226752901012e+01
1.140000000000000000e+02 2.377864266023470918e+01
1.150000000000000000e+02 2.498315177754008687e+01
1.160000000000000000e+02 2.718013938424897091e+01
1.170000000000000000e+02 2.705552673084508797e+01
1.180000000000000000e+02 2.875790653249877593e+01
1.190000000000000000e+02 2.855245149277551775e+01
1.200000000000000000e+02 3.016259034700467367e+01
1.210000000000000000e+02 3.037310699330809172e+01
1.220000000000000000e+02 3.170113088331816442e+01
1.230000000000000000e+02 3.230917540975285362e+01
1.240000000000000000e+02 3.462760010894031382e+01
1.250000000000000000e+02 3.711066353117399075e+01
1.260000000000000000e+02 3.798320916401720382e+01
1.270000000000000000e+02 3.878569746330595081e+01
1.280000000000000000e+02 3.996767232843967577e+01
1.290000000000000000e+02 4.048177846677413072e+01
1.300000000000000000e+02 4.120838821276245767e+01
1.310000000000000000e+02 4.132357776183160780e+01
1.320000000000000000e+02 4.039203209029496122e+01
1.330000000000000000e+02 4.097896863405212287e+01
1.340000000000000000e+02 4.182095658199627763e+01
1.350000000000000000e+02 4.359986133615415582e+01
1.360000000000000000e+02 4.249088166086387020e+01
1.370000000000000000e+02 4.390002152454131590e+01
1.380000000000000000e+02 4.546079541059526719e+01
1.390000000000000000e+02 4.600353049057527954e+01
1.400000000000000000e+02 4.610412779688697071e+01
1.410000000000000000e+02 4.573387721991385746e+01
1.420000000000000000e+02 4.440126423455127025e+01
1.430000000000000000e+02 4.447156105556125283e+01
1.440000000000000000e+02 4.598394702434006831e+01
1.450000000000000000e+02 4.747759970298567112e+01
1.460000000000000000e+02 4.801841107656529317e+01
1.470000000000000000e+02 4.822350888744777109e+01
1.480000000000000000e+02 4.936109835914931665e+01
1.490000000000000000e+02 5.099480993797453721e+01
1.500000000000000000e+02 5.314759517452705495e+01
1.510000000000000000e+02 5.290727725398833314e+01
1.520000000000000000e+02 5.381338759840576103e+01
1.530000000000000000e+02 5.297240280855130834e+01
1.540000000000000000e+02 5.246551074984606089e+01
1.550000000000000000e+02 5.548164220106325928e+01
1.560000000000000000e+02 5.578323263285314937e+01
1.570000000000000000e+02 5.810871352914615073e+01
1.580000000000000000e+02 5.741635166381735189e+01
1.590000000000000000e+02 5.381608813663330437e+01
1.600000000000000000e+02 5.254205814144172138e+01
1.610000000000000000e+02 5.232478748965810667e+01
1.620000000000000000e+02 5.378121313090181843e+01
1.630000000000000000e+02 5.417964285837319949e+01
1.640000000000000000e+02 5.630038691599659018e+01
1.650000000000000000e+02 5.689702875640325885e+01
1.660000000000000000e+02 5.547174640092584497e+01
1.670000000000000000e+02 5.550922525826288023e+01
1.680000000000000000e+02 5.578257237158593540e+01
1.690000000000000000e+02 5.745352329195458907e+01
1.700000000000000000e+02 5.650369633624539034e+01
1.710000000000000000e+02 5.842935202908495285e+01
1.720000000000000000e+02 5.664466266079632106e+01
1.730000000000000000e+02 5.342184247887082904e+01
1.740000000000000000e+02 5.269478672188711244e+01
1.750000000000000000e+02 5.160019355750112169e+01
1.760000000000000000e+02 5.344466353289433158e+01
1.770000000000000000e+02 5.449265210922979463e+01
1.780000000000000000e+02 5.681687680857277201e+01
1.790000000000000000e+02 5.650239304341679514e+01
1.800000000000000000e+02 5.818336185706564123e+01
1.810000000000000000e+02 5.804608419921672180e+01
1.820000000000000000e+02 5.725014391430884331e+01
1.830000000000000000e+02 5.785901594068312193e+01
1.840000000000000000e+02 5.821686727193245758e+01
1.850000000000000000e+02 5.966695616226011367e+01
1.860000000000000000e+02 5.963307449336111432e+01
1.870000000000000000e+02 5.844133013115531838e+01
1.880000000000000000e+02 5.975833214678172567e+01
1.890000000000000000e+02 5.883122623862442424e+01
1.900000000000000000e+02 5.925882812479972728e+01
1.910000000000000000e+02 5.749188140947637748e+01
1.920000000000000000e+02 5.959776222772620002e+01
1.930000000000000000e+02 6.175417903255564767e+01
1.940000000000000000e+02 6.180019426420462736e+01
1.950000000000000000e+02 6.336822254949453992e+01
1.960000000000000000e+02 6.088407667993882910e+01
1.970000000000000000e+02 6.210207292990785533e+01
1.980000000000000000e+02 6.301242876021722594e+01
1.990000000000000000e+02 6.401388424124468202e+01
2.000000000000000000e+02 6.711267263606615074e+01
2.010000000000000000e+02 6.708958436154863136e+01
2.020000000000000000e+02 6.823850260729007289e+01
2.030000000000000000e+02 6.584297199884824181e+01
2.040000000000000000e+02 6.508977472439373457e+01
2.050000000000000000e+02 6.401493104709585680e+01
2.060000000000000000e+02 6.547541750768498048e+01
2.070000000000000000e+02 6.568028612025717905e+01
2.080000000000000000e+02 6.771037184477719961e+01
2.090000000000000000e+02 6.990778548195901010e+01
2.100000000000000000e+02 6.982371202146829603e+01
2.110000000000000000e+02 7.114853792749592287e+01
2.120000000000000000e+02 7.343618067012670281e+01
2.130000000000000000e+02 7.267662331347484894e+01
2.140000000000000000e+02 7.289815541305041791e+01
2.150000000000000000e+02 7.457859629870637264e+01
2.160000000000000000e+02 7.355795667220506573e+01
2.170000000000000000e+02 7.336524332178784391e+01
2.180000000000000000e+02 7.561323980755767593e+01
2.190000000000000000e+02 7.256219181171451282e+01
2.200000000000000000e+02 7.209750407814372863e+01
2.210000000000000000e+02 7.269614655131576342e+01
2.220000000000000000e+02 7.441994562172750705e+01
2.230000000000000000e+02 7.538395470958390376e+01
2.240000000000000000e+02 7.535498133625786465e+01
2.250000000000000000e+02 7.658592882690099657e+01
2.260000000000000000e+02 7.658552848496283616e+01
2.270000000000000000e+02 7.616286850180701151e+01
2.280000000000000000e+02 7.560594657171968436e+01
2.290000000000000000e+02 7.853982144532770349e+01
2.300000000000000000e+02 8.005650957181164529e+01
2.310000000000000000e+02 8.210906146110164627e+01
2.320000000000000000e+02 8.600505801220444368e+01
2.330000000000000000e+02 8.801076934891470671e+01
2.340000000000000000e+02 8.769603377800218880e+01
2.350000000000000000e+02 8.979762126035386416e+01
2.360000000000000000e+02 9.121981202304431235e+01
2.370000000000000000e+02 9.060563153738004871e+01
2.380000000000000000e+02 8.987704447019176257e+01
2.390000000000000000e+02 8.947048232516571886e+01
2.400000000000000000e+02 8.910526186556000994e+01
2.410000000000000000e+02 8.931956023142015511e+01
2.420000000000000000e+02 8.933942417373935996e+01
2.430000000000000000e+02 9.184042890624591848e+01
2.440000000000000000e+02 9.172860526115883317e+01
2.450000000000000000e+02 9.383545910630334674e+01
2.460000000000000000e+02 9.367847117295919190e+01
2.470000000000000000e+02 9.289647631869540589e+01
2.480000000000000000e+02 9.416387637873563676e+01
2.490000000000000000e+02 9.349329680154576749e+01
2.500000000000000000e+02 9.482827309700626017e+01
2.510000000000000000e+02 9.553173739462633307e+01
2.520000000000000000e+02 9.481707458878419459e+01
2.530000000000000000e+02 9.363419875964568462e+01
2.540000000000000000e+02 9.539457961353330973e+01
2.550000000000000000e+02 9.563993106479618689e+01
2.560000000000000000e+02 9.627215109814058280e+01
2.570000000000000000e+02 9.774393323391007016e+01
2.580000000000000000e+02 9.817474506487936026e+01
2.590000000000000000e+02 9.839794075825926711e+01
2.600000000000000000e+02 9.900372391779806946e+01
2.610000000000000000e+02 9.766743705633419381e+01
2.620000000000000000e+02 9.800481570416125976e+01
2.630000000000000000e+02 9.800140864226683846e+01
2.640000000000000000e+02 9.677611761960298509e+01
2.650000000000000000e+02 9.830883498178761215e+01
2.660000000000000000e+02 9.849558035740741957e+01
2.670000000000000000e+02 9.780368831699622945e+01
2.680000000000000000e+02 9.744996758661503122e+01
2.690000000000000000e+02 9.533328120279489326e+01
2.700000000000000000e+02 9.599100915392341449e+01
2.710000000000000000e+02 9.771753087691730855e+01
2.720000000000000000e+02 1.009189689566640311e+02
2.730000000000000000e+02 9.803032158168450394e+01
2.740000000000000000e+02 9.867046903665293200e+01
2.750000000000000000e+02 1.013204158954463736e+02
2.760000000000000000e+02 9.941113636974387191e+01
2.770000000000000000e+02 1.008387047639851914e+02
2.780000000000000000e+02 1.022817625479215025e+02
2.790000000000000000e+02 1.029654730152024626e+02
2.800000000000000000e+02 1.019462144725518868e+02
2.810000000000000000e+02 1.031023322180692645e+02
2.820000000000000000e+02 1.046289820776592876e+02
2.830000000000000000e+02 1.051836835680271207e+02
2.840000000000000000e+02 1.071451096686717221e+02
2.850000000000000000e+02 1.078100461192513677e+02
2.860000000000000000e+02 1.082604580394760916e+02
2.870000000000000000e+02 1.086285690236576897e+02
2.880000000000000000e+02 1.091149933495954087e+02
2.890000000000000000e+02 1.100708010242708639e+02
2.900000000000000000e+02 1.119194247156954845e+02
2.910000000000000000e+02 1.120166109942475998e+02
2.920000000000000000e+02 1.120429271338531834e+02
2.930000000000000000e+02 1.109881812327752471e+02
2.940000000000000000e+02 1.129034307027070270e+02
2.950000000000000000e+02 1.138607702645088438e+02
2.960000000000000000e+02 1.158122607619670816e+02
2.970000000000000000e+02 1.173483072927557345e+02
2.980000000000000000e+02 1.184660258899985621e+02
2.990000000000000000e+02 1.175241543022210919e+02
3.000000000000000000e+02 1.208584678644267854e+02
3.010000000000000000e+02 1.184885448633284994e+02
3.020000000000000000e+02 1.182175449456560585e+02
3.030000000000000000e+02 1.203258994631640633e+02
3.040000000000000000e+02 1.219050871812198551e+02
3.050000000000000000e+02 1.208845377688276557e+02
3.060000000000000000e+02 1.211752273589412425e+02
3.070000000000000000e+02 1.214199650584503303e+02
3.080000000000000000e+02 1.236729402886563207e+02
3.090000000000000000e+02 1.259210214096948306e+02
3.100000000000000000e+02 1.257771322975150241e+02
3.110000000000000000e+02 1.249756647077593357e+02
3.120000000000000000e+02 1.248021510247192083e+02
3.130000000000000000e+02 1.269996627556454598e+02
3.140000000000000000e+02 1.283050538677321981e+02
3.150000000000000000e+02 1.310362796603646984e+02
3.160000000000000000e+02 1.324665817402027130e+02
3.170000000000000000e+02 1.349777545333854221e+02
3.180000000000000000e+02 1.357130688838287256e+02
3.190000000000000000e+02 1.388221048388000725e+02
3.200000000000000000e+02 1.394310353744484416e+02
3.210000000000000000e+02 1.401897997523975334e+02
3.220000000000000000e+02 1.429685621663226698e+02
3.230000000000000000e+02 1.443217033091773658e+02
3.240000000000000000e+02 1.458875457875304278e+02
3.250000000000000000e+02 1.457903717722861074e+02
3.260000000000000000e+02 1.469996541339197336e+02
3.270000000000000000e+02 1.472784399518319276e+02
3.280000000000000000e+02 1.470142509354463698e+02
3.290000000000000000e+02 1.486231223383985594e+02
3.300000000000000000e+02 1.490481532200054744e+02
3.310000000000000000e+02 1.499584513769864316e+02
3.320000000000000000e+02 1.498462308797205651e+02
3.330000000000000000e+02 1.486327787915952570e+02
3.340000000000000000e+02 1.503382165154494032e+02
3.350000000000000000e+02 1.508561592668897333e+02
3.360000000000000000e+02 1.501713792027986187e+02
3.370000000000000000e+02 1.492830480655010490e+02
3.380000000000000000e+02 1.478009740041414943e+02
3.390000000000000000e+02 1.497859797756399587e+02
3.400000000000000000e+02 1.490702255684423676e+02
3.410000000000000000e+02 1.505904629000262105e+02
3.420000000000000000e+02 1.533509659081784946e+02
3.430000000000000000e+02 1.565063031015545221e+02
3.440000000000000000e+02 1.556910295688915937e+02
3.450000000000000000e+02 1.547107196051584879e+02
3.460000000000000000e+02 1.535120952476401612e+02
3.470000000000000000e+02 1.559952078005609337e+02
3.480000000000000000e+02 1.576322962389963038e+02
3.490000000000000000e+02 1.570506282650683545e+02
3.500000000000000000e+02 1.585305555264374959e+02
3.510000000000000000e+02 1.584120470589104741e+02
3.520000000000000000e+02 1.591191492351572663e+02
3.530000000000000000e+02 1.584628892584031519e+02
3.540000000000000000e+02 1.587930501253564444e+02
3.550000000000000000e+02 1.586288500177011258e+02
3.560000000000000000e+02 1.590386207386812600e+02
3.570000000000000000e+02 1.587997872323662421e+02
3.580000000000000000e+02 1.617158697349245813e+02
3.590000000000000000e+02 1.616616898241076967e+02
3.600000000000000000e+02 1.628535244670211739e+02
3.610000000000000000e+02 1.639172711360293988e+02
3.620000000000000000e+02 1.627686236962099997e+02
3.630000000000000000e+02 1.664795545642560342e+02
3.640000000000000000e+02 1.674673305091510542e+02
3.650000000000000000e+02 1.682186152180821921e+02
3.660000000000000000e+02 1.692586601038147478e+02
3.670000000000000000e+02 1.680387692909266661e+02
3.680000000000000000e+02 1.674084740722800575e+02
3.690000000000000000e+02 1.673156616625499566e+02
3.700000000000000000e+02 1.668678211024554514e+02
3.710000000000000000e+02 1.686163104448791046e+02
3.720000000000000000e+02 1.700461573470200278e+02
3.730000000000000000e+02 1.736585508939641613e+02
3.740000000000000000e+02 1.741963175820361300e+02
3.750000000000000000e+02 1.749769310344873645e+02
3.760000000000000000e+02 1.759781291442300528e+02
3.770000000000000000e+02 1.780326281856664536e+02
3.780000000000000000e+02 1.785052431653874123e+02
3.790000000000000000e+02 1.808076977805893648e+02
3.800000000000000000e+02 1.824520806046350003e+02
3.810000000000000000e+02 1.836603443691792563e+02
3.820000000000000000e+02 1.841616071802397698e+02
3.830000000000000000e+02 1.837768130017101669e+02
3.840000000000000000e+02 1.854606738894466105e+02
3.850000000000000000e+02 1.885447043692950331e+02
3.860000000000000000e+02 1.910754151135971313e+02
3.870000000000000000e+02 1.897163677240163508e+02
3.880000000000000000e+02 1.916949266386096724e+02
3.890000000000000000e+02 1.912014976582667884e+02
3.900000000000000000e+02 1.909214722860902214e+02
3.910000000000000000e+02 1.915465853185725678e+02
3.920000000000000000e+02 1.960673670097735624e+02
3.930000000000000000e+02 1.983631163478277983e+02
3.940000000000000000e+02 1.973093828531930569e+02
3.950000000000000000e+02 1.976867522162066564e+02
3.960000000000000000e+02 1.968927324953467064e+02
3.970000000000000000e+02 1.981013407196691674e+02
3.980000000000000000e+02 1.993480743265554338e+02
3.990000000000000000e+02 2.040356647030449153e+02
4.000000000000000000e+02 2.034087502556376990e+02
4.010000000000000000e+02 2.042014377693953691e+02
4.020000000000000000e+02 2.065259597702523422e+02
4.030000000000000000e+02 2.091024856056571934e+02
4.040000000000000000e+02 2.096812826282797744e+02
4.050000000000000000e+02 2.099599051273422106e+02
4.060000000000000000e+02 2.108608158122400198e+02
4.070000000000000000e+02 2.121597981511400519e+02
4.080000000000000000e+02 2.149083051936898983e+02
4.090000000000000000e+02 2.161303149173197937e+02
4.100000000000000000e+02 2.153840276463436965e+02
4.110000000000000000e+02 2.161287320934867751e+02
4.120000000000000000e+02 2.176353768681920542e+02
4.130000000000000000e+02 2.196108971987937935e+02
4.140000000000000000e+02 2.219367479163545340e+02
4.150000000000000000e+02 2.232713088816443872e+02
4.160000000000000000e+02 2.221546581283632236e+02
4.170000000000000000e+02 2.263359356361253560e+02
4.180000000000000000e+02 2.273686730932002718e+02
4.190000000000000000e+02 2.297429587734123970e+02
4.200000000000000000e+02 2.316778622187899543e+02
4.210000000000000000e+02 2.305837027885281714e+02
4.220000000000000000e+02 2.296265315868222388e+02
4.230000000000000000e+02 2.276227746203430513e+02
4.240000000000000000e+02 2.274559060857684756e+02
4.250000000000000000e+02 2.309070456362524624e+02
4.260000000000000000e+02 2.328848819668691874e+02
4.270000000000000000e+02 2.336541361277896556e+02
4.280000000000000000e+02 2.326195853236158939e+02
4.290000000000000000e+02 2.316558516977889894e+02
4.300000000000000000e+02 2.308578588481393012e+02
4.310000000000000000e+02 2.322513854375240214e+02
4.320000000000000000e+02 2.333811528083234919e+02
4.330000000000000000e+02 2.340417797336508841e+02
4.340000000000000000e+02 2.352697906592210018e+02
4.350000000000000000e+02 2.363271886108072408e+02
4.360000000000000000e+02 2.345389856033601461e+02
4.370000000000000000e+02 2.383391937767370337e+02
4.380000000000000000e+02 2.393839971163990015e+02
4.390000000000000000e+02 2.401803886205710228e+02
4.400000000000000000e+02 2.412759041263861661e+02
4.410000000000000000e+02 2.420629070620736059e+02
4.420000000000000000e+02 2.450035485488345159e+02
4.430000000000000000e+02 2.464887931563455652e+02
4.440000000000000000e+02 2.478781034957183067e+02
4.450000000000000000e+02 2.500479585509610558e+02
4.460000000000000000e+02 2.506173056182464904e+02
4.470000000000000000e+02 2.491751233738922622e+02
4.480000000000000000e+02 2.501120268840288077e+02
4.490000000000000000e+02 2.521034535090675206e+02
4.500000000000000000e+02 2.517228813305161736e+02
4.510000000000000000e+02 2.553252553730283410e+02
4.520000000000000000e+02 2.544303089128781039e+02
4.530000000000000000e+02 2.556849554490123921e+02
4.540000000000000000e+02 2.577408746101656334e+02
4.550000000000000000e+02 2.594884178288833141e+02
4.560000000000000000e+02 2.599234541787555486e+02
4.570000000000000000e+02 2.589707900714594757e+02
4.580000000000000000e+02 2.569490917704378603e+02
4.590000000000000000e+02 2.567934751593697911e+02
4.600000000000000000e+02 2.567728430544543130e+02
4.610000000000000000e+02 2.582083685348657127e+02
4.620000000000000000e+02 2.579582722608031986e+02
4.630000000000000000e+02 2.610236007843254811e+02
4.640000000000000000e+02 2.619839459772407508e+02
4.650000000000000000e+02 2.616184508980341548e+02
4.660000000000000000e+02 2.631616796744056046e+02
4.670000000000000000e+02 2.649306691731102887e+02
4.680000000000000000e+02 2.689506488001878211e+02
4.690000000000000000e+02 2.673170568272606147e+02
4.700000000000000000e+02 2.664491733579869219e+02
4.710000000000000000e+02 2.694404548778617823e+02
4.720000000000000000e+02 2.711415893115520248e+02
4.730000000000000000e+02 2.734606321894556800e+02
4.740000000000000000e+02 2.765435001004889273e+02
4.750000000000000000e+02 2.778809711242538469e+02
4.760000000000000000e+02 2.791477113984108200e+02
4.770000000000000000e+02 2.802546117805169956e+02
4.780000000000000000e+02 2.811754999774884141e+02
4.790000000000000000e+02 2.825185235442385761e+02
4.800000000000000000e+02 2.848840649191975558e+02
4.810000000000000000e+02 2.837737248123972336e+02
4.820000000000000000e+02 2.818540511682724059e+02
4.830000000000000000e+02 2.808961459599081536e+02
4.840000000000000000e+02 2.809901362617252971e+02
4.850000000000000000e+02 2.814507738783933632e+02
4.860000000000000000e+02 2.806507624103640524e+02
4.870000000000000000e+02 2.817833907326366898e+02
4.880000000000000000e+02 2.843391836073469108e+02
4.890000000000000000e+02 2.862514271836304260e+02
4.900000000000000000e+02 2.888700596262772251e+02
4.910000000000000000e+02 2.880234497620306229e+02
4.920000000000000000e+02 2.903463825577514967e+02
4.930000000000000000e+02 2.910969035857073095e+02
4.940000000000000000e+02 2.893697694225556347e+02
4.950000000000000000e+02 2.889099727418711154e+02
4.960000000000000000e+02 2.889048439329284861e+02
4.970000000000000000e+02 2.898606517401863698e+02
4.980000000000000000e+02 2.900978463858200485e+02
4.990000000000000000e+02 2.931933521856792026e+02
5.000000000000000000e+02 2.937362956588607403e+02
5.010000000000000000e+02 2.938328603887471218e+02
5.020000000000000000e+02 2.951306493761836691e+02
5.030000000000000000e+02 2.958436151535340741e+02
5.040000000000000000e+02 2.970480730206542148e+02
5.050000000000000000e+02 2.971110389146725197e+02
5.060000000000000000e+02 2.963483418977176029e+02
5.070000000000000000e+02 2.960609242617696282e+02
5.080000000000000000e+02 2.993769111324720029e+02
5.090000000000000000e+02 3.005305530729826842e+02
5.100000000000000000e+02 3.036236124763162820e+02
5.110000000000000000e+02 3.037823934932261523e+02
5.120000000000000000e+02 3.012791285870230809e+02
5.130000000000000000e+02 3.030505755628363431e+02
5.140000000000000000e+02 3.062120209486556632e+02
5.150000000000000000e+02 3.073261549121657481e+02
5.160000000000000000e+02 3.073181209733234596e+02
5.170000000000000000e+02 3.107510178227944380e+02
5.180000000000000000e+02 3.113390512169047497e+02
5.190000000000000000e+02 3.119418192810180699e+02
5.200000000000000000e+02 3.134975154805344459e+02
5.210000000000000000e+02 3.153684137226597386e+02
5.220000000000000000e+02 3.169301652734318395e+02
5.230000000000000000e+02 3.190716952972172180e+02
5.240000000000000000e+02 3.210432629736941408e+02
5.250000000000000000e+02 3.210729177433859149e+02
5.260000000000000000e+02 3.248983478185764966e+02
5.270000000000000000e+02 3.265745085721296164e+02
5.280000000000000000e+02 3.293185105797233518e+02
5.290000000000000000e+02 3.293564153487001818e+02
5.300000000000000000e+02 3.316866033101448465e+02
5.310000000000000000e+02 3.347036024877023692e+02
5.320000000000000000e+02 3.349712190487269368e+02
5.330000000000000000e+02 3.371964071631285833e+02
5.340000000000000000e+02 3.394184793506342430e+02
5.350000000000000000e+02 3.400993688613634163e+02
5.360000000000000000e+02 3.401513057641111004e+02
5.370000000000000000e+02 3.449116550011029290e+02
5.380000000000000000e+02 3.465657958295222443e+02
5.390000000000000000e+02 3.462223367731278358e+02
5.400000000000000000e+02 3.462297609762334218e+02
5.410000000000000000e+02 3.471715281460750475e+02
5.420000000000000000e+02 3.493490950158297323e+02
5.430000000000000000e+02 3.505342814917434566e+02
5.440000000000000000e+02 3.515009391896631996e+02
5.450000000000000000e+02 3.527579638771615578e+02
5.460000000000000000e+02 3.550532921795568200e+02
5.470000000000000000e+02 3.558001078957747154e+02
5.480000000000000000e+02 3.583888036970699886e+02
5.490000000000000000e+02 3.595516714158818559e+02
5.500000000000000000e+02 3.623270344765827531e+02
5.510000000000000000e+02 3.627503142479004623e+02
5.520000000000000000e+02 3.644547395431231962e+02
5.530000000000000000e+02 3.662225516893421968e+02
5.540000000000000000e+02 3.677867693605700197e+02
5.550000000000000000e+02 3.673156725728137530e+02
5.560000000000000000e+02 3.680787969329659290e+02
5.570000000000000000e+02 3.686079507830519901e+02
5.580000000000000000e+02 3.701304534837265123e+02
5.590000000000000000e+02 3.708643639072366227e+02
5.600000000000000000e+02 3.721764937437515073e+02
5.610000000000000000e+02 3.728337913894712301e+02
5.620000000000000000e+02 3.741007810028174845e+02
5.630000000000000000e+02 3.764465185714664131e+02
5.640000000000000000e+02 3.781194425315599688e+02
5.650000000000000000e+02 3.792960267612084522e+02
5.660000000000000000e+02 3.793616198932936072e+02
5.670000000000000000e+02 3.804543122448749841e+02
5.680000000000000000e+02 3.830741188600808869e+02
5.690000000000000000e+02 3.859625639912416091e+02
5.700000000000000000e+02 3.883424550581229937e+02
5.710000000000000000e+02 3.899731131001740891e+02
5.720000000000000000e+02 3.907689999572048123e+02
5.730000000000000000e+02 3.926998075336741181e+02
5.740000000000000000e+02 3.915344140611975945e+02
5.750000000000000000e+02 3.922199282822164719e+02
5.760000000000000000e+02 3.904524235011654127e+02
5.770000000000000000e+02 3.927378354675225296e+02
5.780000000000000000e+02 3.945917162492974057e+02
5.790000000000000000e+02 3.976609279385734794e+02
5.800000000000000000e+02 4.003726271696277763e+02
5.810000000000000000e+02 4.018354467922117124e+02
5.820000000000000000e+02 4.054313693296169845e+02
5.830000000000000000e+02 4.053234723379365505e+02
5.840000000000000000e+02 4.068341338439043966e+02
5.850000000000000000e+02 4.093368976122596905e+02
5.860000000000000000e+02 4.150997902889607758e+02
5.870000000000000000e+02 4.157319209807531593e+02
5.880000000000000000e+02 4.177930303404056644e+02
5.890000000000000000e+02 4.222994694362906216e+02
5.900000000000000000e+02 4.241842524460396362e+02
5.910000000000000000e+02 4.249469997017477567e+02
5.920000000000000000e+02 4.242660074035185858e+02
5.930000000000000000e+02 4.258661445649116217e+02
5.940000000000000000e+02 4.244168176155787933e+02
5.950000000000000000e+02 4.257680849714220699e+02
5.960000000000000000e+02 4.272581953300056625e+02
5.970000000000000000e+02 4.307155399892423588e+02
5.980000000000000000e+02 4.331086688537494638e+02
5.990000000000000000e+02 4.335512823758144805e+02
6.000000000000000000e+02 4.342370556969418089e+02
6.010000000000000000e+02 4.373657822677703280e+02
6.020000000000000000e+02 4.373653198142553720e+02
6.030000000000000000e+02 4.410653646822203200e+02
6.040000000000000000e+02 4.418841229204560364e+02
6.050000000000000000e+02 4.444652129636075415e+02
6.060000000000000000e+02 4.463199987278139247e+02
6.070000000000000000e+02 4.507018809849344052e+02
6.080000000000000000e+02 4.512997194654271880e+02
6.090000000000000000e+02 4.530995541884164481e+02
6.100000000000000000e+02 4.557503783959526800e+02
6.110000000000000000e+02 4.570745928487812648e+02
6.120000000000000000e+02 4.560751828009641144e+02
6.130000000000000000e+02 4.565551164014719348e+02
6.140000000000000000e+02 4.569335364835437190e+02
6.150000000000000000e+02 4.599644689923851502e+02
6.160000000000000000e+02 4.607835497343990596e+02
6.170000000000000000e+02 4.625224538272439077e+02
6.180000000000000000e+02 4.625266248270327765e+02
6.190000000000000000e+02 4.608818807809302598e+02
6.200000000000000000e+02 4.638571561587257861e+02
6.210000000000000000e+02 4.661723041274701700e+02
6.220000000000000000e+02 4.692482953322524395e+02
6.230000000000000000e+02 4.722471621329539175e+02
6.240000000000000000e+02 4.741932175085869972e+02
6.250000000000000000e+02 4.759075084803140498e+02
6.260000000000000000e+02 4.786539825302320992e+02
6.270000000000000000e+02 4.816494902154824445e+02
6.280000000000000000e+02 4.848665458722048243e+02
6.290000000000000000e+02 4.838955848386824528e+02
6.300000000000000000e+02 4.873429353790354526e+02
6.310000000000000000e+02 4.887329441701370456e+02
6.320000000000000000e+02 4.891859254419586591e+02
6.330000000000000000e+02 4.920005856773988171e+02
6.340000000000000000e+02 4.939200965722542378e+02
6.350000000000000000e+02 4.932749218152148956e+02
6.360000000000000000e+02 4.951549053206020403e+02
6.370000000000000000e+02 4.960399169049449597e+02
6.380000000000000000e+02 4.959083910697473243e+02
6.390000000000000000e+02 4.973511482547444302e+02
6.400000000000000000e+02 5.004742715478653281e+02
6.410000000000000000e+02 5.039380340293656104e+02
6.420000000000000000e+02 5.055397634725233047e+02
6.430000000000000000e+02 5.073363178818949564e+02
6.440000000000000000e+02 5.106878241947375727e+02
6.450000000000000000e+02 5.123284832748070130e+02
6.460000000000000000e+02 5.146855435557938563e+02
6.470000000000000000e+02 5.164144055942156228e+02
6.480000000000000000e+02 5.193814637231041615e+02
6.490000000000000000e+02 5.225599909690669165e+02
6.500000000000000000e+02 5.221022236141361645e+02
6.510000000000000000e+02 5.227465516204205187e+02
6.520000000000000000e+02 5.250799082982921391e+02
6.530000000000000000e+02 5.256114519032606722e+02
6.540000000000000000e+02 5.275771747041292201e+02
6.550000000000000000e+02 5.285935665858611401e+02
6.560000000000000000e+02 5.304258936812657339e+02
6.570000000000000000e+02 5.323032217266051020e+02
6.580000000000000000e+02 5.355149045415674891e+02
6.590000000000000000e+02 5.352053000776910494e+02
6.600000000000000000e+02 5.374203672333486566e+02
6.610000000000000000e+02 5.378290109763127020e+02
6.620000000000000000e+02 5.414699370092009758e+02
6.630000000000000000e+02 5.439417109090464919e+02
6.640000000000000000e+02 5.474357804944996815e+02
6.650000000000000000e+02 5.515618112381595211e+02
6.660000000000000000e+02 5.536828033113350784e+02
6.670000000000000000e+02 5.555188482891385320e+02
6.680000000000000000e+02 5.602718729389183636e+02
6.690000000000000000e+02 5.626383600351806535e+02
6.700000000000000000e+02 5.673396228457678490e+02
6.710000000000000000e+02 5.690772691819577176e+02
6.720000000000000000e+02 5.731642130737799334e+02
6.730000000000000000e+02 5.753901522073894057e+02
6.740000000000000000e+02 5.785863176468470783e+02
6.750000000000000000e+02 5.815618050485431922e+02
6.760000000000000000e+02 5.829564151685303841e+02
6.770000000000000000e+02 5.865765962164940674e+02
6.780000000000000000e+02 5.884388769121908354e+02
6.790000000000000000e+02 5.911070251836938496e+02
6.800000000000000000e+02 5.942044930738453559e+02
6.810000000000000000e+02 5.960065977747722172e+02
6.820000000000000000e+02 5.984563305286854984e+02
6.830000000000000000e+02 6.011435161676064354e+02
6.840000000000000000e+02 6.041243036093145520e+02
6.850000000000000000e+02 6.094936974236564993e+02
6.860000000000000000e+02 6.114472739861849959e+02
6.870000000000000000e+02 6.116431066208451739e+02
6.880000000000000000e+02 6.155337252489770208e+02
6.890000000000000000e+02 6.171224274207372673e+02
6.900000000000000000e+02 6.187186324153241230e+02
6.910000000000000000e+02 6.239726051383883032e+02
6.920000000000000000e+02 6.258710501457516102e+02
6.930000000000000000e+02 6.304163116755576084e+02
6.940000000000000000e+02 6.333856907344179490e+02
6.950000000000000000e+02 6.369176784796591164e+02
6.960000000000000000e+02 6.393332276688062166e+02
6.970000000000000000e+02 6.394051883484808059e+02
6.980000000000000000e+02 6.398999623964176635e+02
6.990000000000000000e+02 6.410748353338390189e+02
7.000000000000000000e+02 6.414044477661325345e+02
7.010000000000000000e+02 6.445609359123579907e+02
7.020000000000000000e+02 6.471493847907554482e+02
7.030000000000000000e+02 6.506972765874437528e+02
7.040000000000000000e+02 6.534750933342053258e+02
7.050000000000000000e+02 6.549182674028860447e+02
7.060000000000000000e+02 6.564858238360549194e+02
7.070000000000000000e+02 6.572353567807755326e+02
7.080000000000000000e+02 6.619793259358018531e+02
7.090000000000000000e+02 6.637490644585510609e+02
7.100000000000000000e+02 6.662235321068445728e+02
7.110000000000000000e+02 6.683915594019932769e+02
7.120000000000000000e+02 6.710155540536535455e+02
7.130000000000000000e+02 6.719796019044225659e+02
7.140000000000000000e+02 6.750469723801766122e+02
7.150000000000000000e+02 6.781497591498767861e+02
7.160000000000000000e+02 6.813576029703834820e+02
7.170000000000000000e+02 6.859036913801476203e+02
7.180000000000000000e+02 6.911612492405613466e+02
7.190000000000000000e+02 6.928578146960913955e+02
7.200000000000000000e+02 6.959009092688932014e+02
7.210000000000000000e+02 6.991556462784450332e+02
7.220000000000000000e+02 7.021745101148485446e+02
7.230000000000000000e+02 7.067040439522322686e+02
7.240000000000000000e+02 7.121307880101730916e+02
7.250000000000000000e+02 7.138583219636125250e+02
7.260000000000000000e+02 7.168147266214283491e+02
7.270000000000000000e+02 7.210885914526784291e+02
7.280000000000000000e+02 7.252243823169535517e+02
7.290000000000000000e+02 7.274672954567088254e+02
7.300000000000000000e+02 7.278230608348036412e+02
7.310000000000000000e+02 7.308782936943866844e+02
7.320000000000000000e+02 7.341294273770523660e+02
7.330000000000000000e+02 7.347495446725924921e+02
7.340000000000000000e+02 7.366701030144664628e+02
7.350000000000000000e+02 7.424382066700944733e+02
7.360000000000000000e+02 7.463085655421828051e+02
7.370000000000000000e+02 7.481536339197265306e+02
7.380000000000000000e+02 7.511383347082053206e+02
7.390000000000000000e+02 7.554771421757247936e+02
7.400000000000000000e+02 7.597902483093320143e+02
7.410000000000000000e+02 7.605072726504603224e+02
7.420000000000000000e+02 7.640413350910475856e+02
7.430000000000000000e+02 7.675785594705519088e+02
7.440000000000000000e+02 7.703464793769375092e+02
7.450000000000000000e+02 7.745322103190576399e+02
7.460000000000000000e+02 7.760182690618158858e+02
7.470000000000000000e+02 7.793543488368381986e+02
7.480000000000000000e+02 7.825218424118000939e+02
7.490000000000000000e+02 7.868649267255714221e+02
7.500000000000000000e+02 7.906652727492618169e+02
7.510000000000000000e+02 7.947379898490994492e+02
7.520000000000000000e+02 7.973341865153403205e+02
7.530000000000000000e+02 7.997516941465570426e+02
7.540000000000000000e+02 8.049033002134167418e+02
7.550000000000000000e+02 8.110137207538136863e+02
7.560000000000000000e+02 8.156611596501970780e+02
7.570000000000000000e+02 8.195131188954034087e+02
7.580000000000000000e+02 8.224765111097555064e+02
7.590000000000000000e+02 8.271398440924372153e+02
7.600000000000000000e+02 8.303586717554979941e+02
7.610000000000000000e+02 8.334409251423069236e+02
7.620000000000000000e+02 8.364016049026633937e+02
7.630000000000000000e+02 8.403482886664049829e+02
7.640000000000000000e+02 8.434706648308388139e+02
7.650000000000000000e+02 8.460820038454074847e+02
7.660000000000000000e+02 8.515352442204324461e+02
7.670000000000000000e+02 8.554546540905406573e+02
7.680000000000000000e+02 8.589481168843873320e+02
7.690000000000000000e+02 8.624329476916069552e+02
7.700000000000000000e+02 8.657334327065409525e+02
7.710000000000000000e+02 8.699440774164262393e+02
7.720000000000000000e+02 8.756527959865148887e+02
7.730000000000000000e+02 8.782512805865494556e+02
7.740000000000000000e+02 8.829254297482419815e+02
7.750000000000000000e+02 8.840885368372726134e+02
7.760000000000000000e+02 8.880144919629701690e+02
7.770000000000000000e+02 8.897826354572457603e+02
7.780000000000000000e+02 8.923226306147330433e+02
7.790000000000000000e+02 8.967144255207664401e+02
7.800000000000000000e+02 9.002595229294526007e+02
7.810000000000000000e+02 9.043106740500792284e+02
7.820000000000000000e+02 9.071200078115540464e+02
7.830000000000000000e+02 9.081654157553394953e+02
7.840000000000000000e+02 9.143412263281913965e+02
7.850000000000000000e+02 9.165144715104144097e+02
7.860000000000000000e+02 9.216829826644728882e+02
7.870000000000000000e+02 9.265482054017502378e+02
7.880000000000000000e+02 9.314610432404322182e+02
7.890000000000000000e+02 9.351598074029726604e+02
7.900000000000000000e+02 9.385917285440058322e+02
7.910000000000000000e+02 9.430001490705527658e+02
7.920000000000000000e+02 9.485634616535461419e+02
7.930000000000000000e+02 9.562294305266782430e+02
7.940000000000000000e+02 9.588926269738682322e+02
7.950000000000000000e+02 9.629729551280795476e+02
7.960000000000000000e+02 9.654976309697534589e+02
7.970000000000000000e+02 9.687086121870599982e+02
7.980000000000000000e+02 9.714030245035501139e+02
7.990000000000000000e+02 9.751592539952869174e+02
8.000000000000000000e+02 9.787437496972443114e+02
8.010000000000000000e+02 9.840888906744806945e+02
8.020000000000000000e+02 9.882822957425913728e+02
8.030000000000000000e+02 9.922239790155489345e+02
8.040000000000000000e+02 9.942570070174448347e+02
8.050000000000000000e+02 9.969277142749199356e+02
8.060000000000000000e+02 1.002390354458743445e+03
8.070000000000000000e+02 1.004368580263378590e+03
8.080000000000000000e+02 1.008691928015858593e+03
8.090000000000000000e+02 1.010870005815361537e+03
8.100000000000000000e+02 1.017077142605562358e+03
8.110000000000000000e+02 1.020486234795602059e+03
8.120000000000000000e+02 1.027547166554989417e+03
8.130000000000000000e+02 1.031198715807839108e+03
8.140000000000000000e+02 1.035491744716944822e+03
8.150000000000000000e+02 1.037364116851833614e+03
8.160000000000000000e+02 1.041447792866840700e+03
8.170000000000000000e+02 1.047726612695346148e+03
8.180000000000000000e+02 1.050657918998661899e+03
8.190000000000000000e+02 1.051749116873131925e+03
8.200000000000000000e+02 1.055660703880418623e+03
8.210000000000000000e+02 1.059645640238354872e+03
8.220000000000000000e+02 1.065383422391886597e+03
8.230000000000000000e+02 1.069795052008333414e+03
8.240000000000000000e+02 1.072418018684843901e+03
8.250000000000000000e+02 1.075692036697739013e+03
8.260000000000000000e+02 1.079926826466683906e+03
8.270000000000000000e+02 1.082213458207009808e+03
8.280000000000000000e+02 1.088139876625949682e+03
8.290000000000000000e+02 1.091158689714008005e+03
8.300000000000000000e+02 1.095070621668531885e+03
8.310000000000000000e+02 1.097687443109686001e+03
8.320000000000000000e+02 1.101827978173300835e+03
8.330000000000000000e+02 1.107835767660620377e+03
8.340000000000000000e+02 1.110438444742115053e+03
8.350000000000000000e+02 1.114867761847729525e+03
8.360000000000000000e+02 1.118915705106260702e+03
8.370000000000000000e+02 1.123005488077388463e+03
8.380000000000000000e+02 1.127420223396970187e+03
8.390000000000000000e+02 1.130277340148971916e+03
8.400000000000000000e+02 1.134213108533613649e+03
8.410000000000000000e+02 1.139171983371666101e+03
8.420000000000000000e+02 1.143433161514393760e+03
8.430000000000000000e+02 1.147120268606666286e+03
8.440000000000000000e+02 1.152106725710088995e+03
8.450000000000000000e+02 1.157145568067843669e+03
8.460000000000000000e+02 1.161815290214083689e+03
8.470000000000000000e+02 1.165835337029374159e+03
8.480000000000000000e+02 1.170657838434703081e+03
8.490000000000000000e+02 1.174903374034073067e+03
8.500000000000000000e+02 1.180168897864962673e+03
8.510000000000000000e+02 1.183787273280220234e+03
8.520000000000000000e+02 1.190414001256483516e+03
8.530000000000000000e+02 1.193915674201265119e+03
8.540000000000000000e+02 1.198234126202662083e+03
8.550000000000000000e+02 1.205502738554331017e+03
8.560000000000000000e+02 1.209746613761564049e+03
8.570000000000000000e+02 1.217019741123899394e+03
8.580000000000000000e+02 1.221076105849969281e+03
8.590000000000000000e+02 1.225451660388385562e+03
8.600000000000000000e+02 1.229340490214191959e+03
8.610000000000000000e+02 1.233540577907134775e+03
8.620000000000000000e+02 1.237157537255912757e+03
8.630000000000000000e+02 1.242001154471441623e+03
8.640000000000000000e+02 1.246175621212736132e+03
8.650000000000000000e+02 1.252402898237582122e+03
8.660000000000000000e+02 1.256028680420416094e+03
8.670000000000000000e+02 1.258464415853707806e+03
8.680000000000000000e+02 1.262694279615756159e+03
8.690000000000000000e+02 1.268497430054589131e+03
8.700000000000000000e+02 1.273593023836720931e+03
8.710000000000000000e+02 1.278468182260072808e+03
8.720000000000000000e+02 1.282410986321279097e+03
8.730000000000000000e+02 1.288393747325927734e+03
8.740000000000000000e+02 1.293722241204144666e+03
8.750000000000000000e+02 1.299085751145575159e+03
8.760000000000000000e+02 1.304180130378967306e+03
8.770000000000000000e+02 1.310262373867426277e+03
8.780000000000000000e+02 1.315758781375031958e+03
8.790000000000000000e+02 1.320961672799702228e+03
8.800000000000000000e+02 1.325806606376073205e+03
8.810000000000000000e+02 1.331306377638282811e+03
8.820000000000000000e+02 1.335385659847169563e+03
8.830000000000000000e+02 1.338462115745721803e+03
8.840000000000000000e+02 1.345035376866722800e+03
8.850000000000000000e+02 1.349489093798784097e+03
8.860000000000000000e+02 1.355073550933486104e+03
8.870000000000000000e+02 1.361390697379379162e+03
8.880000000000000000e+02 1.366126304088281131e+03
8.890000000000000000e+02 1.370554625732372187e+03
8.900000000000000000e+02 1.376719085978497560e+03
8.910000000000000000e+02 1.380398002145295550e+03
8.920000000000000000e+02 1.386053964816582948e+03
8.930000000000000000e+02 1.395505835095354541e+03
8.940000000000000000e+02 1.400892312583754119e+03
8.950000000000000000e+02 1.406438457020738269e+03
8.960000000000000000e+02 1.412200606782131445e+03
8.970000000000000000e+02 1.416443033410783073e+03
8.980000000000000000e+02 1.420919682611457574e+03
8.990000000000000000e+02 1.427387246355454863e+03
9.000000000000000000e+02 1.432888392564688047e+03
9.010000000000000000e+02 1.440347081737628969e+03
9.020000000000000000e+02 1.446028613675026008e+03
9.030000000000000000e+02 1.449946352036783310e+03
9.040000000000000000e+02 1.453068493437843244e+03
9.050000000000000000e+02 1.459792497429141122e+03
9.060000000000000000e+02 1.467770911878692687e+03
9.070000000000000000e+02 1.476081563141777906e+03
9.080000000000000000e+02 1.481448296556945479e+03
9.090000000000000000e+02 1.488425850226402417e+03
9.100000000000000000e+02 1.493411626605936817e+03
9.110000000000000000e+02 1.503384352511405723e+03
9.120000000000000000e+02 1.511936521785349669e+03
9.130000000000000000e+02 1.516876678265191913e+03
9.140000000000000000e+02 1.522891218276136442e+03
9.150000000000000000e+02 1.529869538074073262e+03
9.160000000000000000e+02 1.535679196672322178e+03
9.170000000000000000e+02 1.542820428549300686e+03
9.180000000000000000e+02 1.551851936405477772e+03
9.190000000000000000e+02 1.556025610752611101e+03
9.200000000000000000e+02 1.561027934666379451e+03
9.210000000000000000e+02 1.567501359497551903e+03
9.220000000000000000e+02 1.574289523911164906e+03
9.230000000000000000e+02 1.580828775132776400e+03
9.240000000000000000e+02 1.587999092215786050e+03
9.250000000000000000e+02 1.592836854184020240e+03
9.260000000000000000e+02 1.597277941989160126e+03
9.270000000000000000e+02 1.602439259749139865e+03
9.280000000000000000e+02 1.607202080982670395e+03
9.290000000000000000e+02 1.613164628921820849e+03
9.300000000000000000e+02 1.618641215163209381e+03
9.310000000000000000e+02 1.625212196552034811e+03
9.320000000000000000e+02 1.630451022610690870e+03
9.330000000000000000e+02 1.635907463442608332e+03
9.340000000000000000e+02 1.643101888233805539e+03
9.350000000000000000e+02 1.646603641956309502e+03
9.360000000000000000e+02 1.652301889794799081e+03
9.370000000000000000e+02 1.660177333806105025e+03
9.380000000000000000e+02 1.666928273611557415e+03
9.390000000000000000e+02 1.672630709336883911e+03
9.400000000000000000e+02 1.679175558715908892e+03
9.410000000000000000e+02 1.685353696482341547e+03
9.420000000000000000e+02 1.692643978204908535e+03
9.430000000000000000e+02 1.698579021899150348e+03
9.440000000000000000e+02 1.706898204594299614e+03
9.450000000000000000e+02 1.715350797092881976e+03
9.460000000000000000e+02 1.720331377921038438e+03
9.470000000000000000e+02 1.725640051391576435e+03
9.480000000000000000e+02 1.732714088352498948e+03
9.490000000000000000e+02 1.738053478788816165e+03
9.500000000000000000e+02 1.745519412358528825e+03
9.510000000000000000e+02 1.750646695559277987e+03
9.520000000000000000e+02 1.757352649768722586e+03
9.530000000000000000e+02 1.763675825487343445e+03
9.540000000000000000e+02 1.771935886971207765e+03
9.550000000000000000e+02 1.777229146062494465e+03
9.560000000000000000e+02 1.781577053942121665e+03
9.570000000000000000e+02 1.787540556131595167e+03
9.580000000000000000e+02 1.796428675412405937e+03
9.590000000000000000e+02 1.799773396073347385e+03
9.600000000000000000e+02 1.809424328658936474e+03
9.610000000000000000e+02 1.818222834245178319e+03
9.620000000000000000e+02 1.823814922372042247e+03
9.630000000000000000e+02 1.829573735735850050e+03
9.640000000000000000e+02 1.836399399837157944e+03
9.650000000000000000e+02 1.844338796825616782e+03
9.660000000000000000e+02 1.852386519087408487e+03
9.670000000000000000e+02 1.861445213986519320e+03
9.680000000000000000e+02 1.867973272858064320e+03
9.690000000000000000e+02 1.876695862752092808e+03
9.700000000000000000e+02 1.884825346536364350e+03
9.710000000000000000e+02 1.893132193356982498e+03
9.720000000000000000e+02 1.899656417619963577e+03
9.730000000000000000e+02 1.904951340875589494e+03
9.740000000000000000e+02 1.914874476603069297e+03
9.750000000000000000e+02 1.923577990996422386e+03
9.760000000000000000e+02 1.931758883554866316e+03
9.770000000000000000e+02 1.938234586778464291e+03
9.780000000000000000e+02 1.946791443833246603e+03
9.790000000000000000e+02 1.955699318883765727e+03
9.800000000000000000e+02 1.964050248420642220e+03
9.810000000000000000e+02 1.974444083189365983e+03
9.820000000000000000e+02 1.981115633544721049e+03
9.830000000000000000e+02 1.987380590819592726e+03
9.840000000000000000e+02 1.993808881385049290e+03
9.850000000000000000e+02 1.998358357449667210e+03
9.860000000000000000e+02 2.005040858353680505e+03
9.870000000000000000e+02 2.012591724236551727e+03
9.880000000000000000e+02 2.021965194048921148e+03
9.890000000000000000e+02 2.029267010131261486e+03
9.900000000000000000e+02 2.039085416119307183e+03
9.910000000000000000e+02 2.046976797488013744e+03
9.920000000000000000e+02 2.055275996676640716e+03
9.930000000000000000e+02 2.063124813760759935e+03
9.940000000000000000e+02 2.070961786007397677e+03
9.950000000000000000e+02 2.077927213360309452e+03
9.960000000000000000e+02 2.085902186783622710e+03
9.970000000000000000e+02 2.093385495757471745e+03
9.980000000000000000e+02 2.103064249876826125e+03
9.990000000000000000e+02 2.111999485178610485e+03
